23 34 -54 21 45 34 65 -54 21 45 34 65 -34 24 58
	   49 45 10     -57 20
57 39 20 	58 23 10 20 58 -60 76   -82 28
  	28 -37 49 358 47 -50 37 29
57 -29 -20 47 69
	93 57 	23 49 -38 49 		27 -40 48 39
56 -30 47 28 49
37 49 
    	27 26 10 20 58 -60 26 10 20 58 -60 76   -82 28
  	28 -37 49 -28 93 28
73 47     27 83 	37 -29 40 37 49 20
17 -26 12    17 17
18 38 29 39 -118
19 10 20 58 -60 76   -82 28
  	28 -37 49 59 10 58 -60 76   -82 28
  	28 -37 49 59 10 20 58 -60 76   -82 28
  	28 -37 49 30 -58 58 	38 49 30 -58 58 	38 
49 30 -58 58 	38 
28 39
39 48     23 -50 28
48 29 39 40 29

